"m_s" <- 5
"n_strength" <- 20
"error" <- 5
"strength_meas" <- structure(c(475.6686061352668,343.4157084692937,478.5282190516221,344.2818839117213,338.54321301143324,287.12748341195135,218.0770641057065,322.6425455416078,301.85762085742095,398.5448358056504,497.9062341721651,268.3733195538601,300.33869501585747,439.461138888576,341.6215019019421,498.1021019815627,354.3714606889642,284.8426674233652,234.68931268244748,409.8794581162135
), .Dim=c(20))
"sd_s" <- 1
"rate_s" <- 1
